750
14
106
543 114
629
626
893
347
98
140
308
159
370
200 257
858 190
707
131 118
12 297
242 932
471 415
675 542
57 993
588
350 455
545 968
233
358
35
460
874
164
875
317
357
278
219
955
366 696
127
217
17
387
291 138
3
428 158
927 904
437 237
688
258
898 683
811
235
519
53 720
209
215 608
886
708
170
746
137 97
937 353
638
325
264 285
58 31
844
823
265
516
113
537 384
780
658
691
389
690
486
682
914
448
107
340
778
361
277
447 624
311
695 660
586 84
90
501 659
774 752
83
282
39
649
734
60
9
383 434
5
652
645
569
895
575
970
773 956
193
994
141
790
431
712
432 622
984 903
380
687
379
854
694
722
978
143 548
37 172
954
377
655
142
822
975
85 709
880
922
393
859
40 974
564 169
296
166
504
942
541
465 651
392 126
832 664
896
168 236
338 409
320
913
400
748
526
554
276
186
294
985 946
103
439
348
702
888
706
737 814
836
873 443
987
665 65
259 146
808 952
134 866
165 117
150 698
248 88
589 697
851
438 979
494 162
20 585
777
148
245
210
539
406
508
574
807
783 475
115 583
899
239
738
635 920
739
286
78
442
420
268
435
677
228
328
572 466
819
679
863
642
917
693
656
621
703 66
197
965 288
887
812
729
897 918
30 930
829
878
89
446
19
680
603 762
670 195
93 912
50
479
938
999 183
821
80 816
760 470
411
503 96
412
584
684 685
102 116
631 498
795 444
735 582
270 226
401 295
840 511
11
298
754
71 568
926
617 805
534 161
188 522
916 801
110
318 422
525 934
299
1
192
561
647
500
894 382
825 577
496 882
251
711 637
809
921
547 365
324 977
869
222
514
765 990
612 666
788 155
871 758
906
48
935
512 147
240
843
453
799
167
4
314
34
910 175
837 618
686 833
831
989
556
923
323
135
944
274
327 544
225
179
905
13
606
287
326
529 838
345 510
485
596
567
23
674 960
538
196
436
224 973
151 484
300
573 632
483
154
749 868
457
571 417
273 579
234 835
802
139
550
429
714 846
939
653 797
46 885
915 770
705 182
374
82 943
981 61
600 390
220
976
319
376 238
421
395 10
136
601 68
354
718
55 598
986
396
602
25
855
255
247
595 578
464 410
876 133
359 69
820
109
813 941
445 700
208
852
480
663
870
108 961
727
613
476 715
59 280
785
909 901
458 199
996 481
789 124
982 307
189
527 373
244 469
818 343
497
230
848
381
414 214
416
750 398
180 386
290 949
997
864
669
865
549
654
784
766
495 607
662 513
399 817
551
185 558
38
721 490
44 459
958 204
716 157
824 800
454 156
16
787
792
362
342
284
42
804
122
187
781 152
515
184
755
56
827
971
616
75
491
351
591
964
605
41
433
292
648
743
73
931
330 249
717 449
562 372
998
798 988
761
24
890
493
826
100
74
368 86
62
535 0
576
229
256 523
283
732
565
786
881 427
404
546
149
532
499
723
627
849
639
128 919
594
830
502
269 419
528 363
349
36 856
263 487
689 847
604
731 306
713
959
305
657 413
289 64
205
646
884 628
261
563 15
756
423
111
630 336
331 929
67 744
198 841
488
301
272
609 633
580 54
275
850
681 928
375 243
81
450
281
335 119
860
891 18
211
925
728
533
742
951
570
77
806 47
49 123
995 643
779
963
7
614
176
51 782
892 625
32 521
304 27
853 394
553 620
724
201
121
52 250
92
76 191
125
72 426
206 388
794 581
45
478 310
751 619
517 221
969
509
557
644
309
536
112
839
178
810 710
254
181
730
736
316
91 79
463
552 246
962
719
440
425
194
467
815
355 321
902 424
43
592
540
842
555
22
775
441
900
293
489
507
430
333
597
130 740
451
745
757
144 129
418 879
369
953 94
791
367
302
505
63
673 872
6 95
104 668
747
678
936
636 482
587 769
29
610
132
506
334
861 207
2 461
352
759 171
907
725
472
223 940
87
408 763
371 227
405 492
845
623
397
950
908
391
566 796
957 271
520
867
767
260
877
640
253 676
726 828
768
145
279
704
174
212
315
332
213
641
992
356
933
667
650
924
593
232
252 337
202
911 980
218 266
241
329
972
599 699
403 857
101 634
163 793
203
21
33
477
559
531
313
402 385
462
834 967
672
360
473
364
733
378
70
456
344 452
991 153
615 105
945 701
671
776
322 173
346
948
120
28
590 883
771
560
216
468
753 160
947 99
661 339
262 474
407 26
524 862
8 341
518 231
889
966
983
177
312
803
764
741
611
303
692
267
772
530
