750
500
647
123 290
806 496
643 182
770 44
665 590
630 481
72 789
167
4
823
844
206 902
267
457
786
864
820
632 359
138 327
686 36
831
685 171
794 338
913
307 599
196
436
973 86
230
282
303
948
986
280 295
552 226
172 382
520
867
526
734
938
970
829
878
380
639
74
100
826
38
33
178
839
461 909
497
673 343
26 750
386 635
239
899
71 331
166
296
633 69
49 814
936
803
175 571
524 330
9
60
197
292
274
377
374
672
730
64 318
488
301
601 459
541
942
949 180
7
406
231 476
975
709 85
935
259 858
707
257 131
144 438
677
819
679
242 88
12 930
835 345
802
646
660 84
90
24
504
976
690
480
222
514
765 310
741
213
919 143
847 117
740 419
830
594
999 417
978
722
766
890
493
551
817 399
128 185
490 188
534 59
14
112
694
299
908
266 834
342
118 676
29
538
640
279
898 79
191 492
408 204
68 800
43
592
540
610
132
356
992
641
229
576
62
0 720
127
422 749
972
556
733
364
291 375
316
334
506
614
621
693
319
261
739
706
896
537 487
652
645
569
597
55 910
615 449
562 372
717 872
721 95
853 394
620 553
217
47 415
675 52
121
201
572 920
603 165
179
194
761
798 988
362
955
219
174
704
252 582
154
642
192
998
917
246 837
82 793
771
560
906
48
164
304 269
445 510
411
96 927
692
426 598
754
854
565
732
161 857
805 522
464 711
471 270
723
499
609 227
877
305
413 65
751 409
363 517
554
186
486
681 190
879 833
963
669
865
349
604
11
333
430
429
893
626
629
625 543
521 737
832 407
392 760
868 344
153 980
797 478
736
211
89
443 945
836
379
687
904 947
108 513
423
756
747
485
745
451
773 130
139
653 523
869
448
914
959
627
203
328
671
776
57 173
346
954
763 696
34
93 762
104 195
260
767
416
248 414
202
337 600
781 152
515
187
122
994
221 862
244 474
315
212
107
335 53
860
159
391
281
511 495
106
644
378
70
265
799
6 2
743
532
149
777
209
420
45
298
19
446
477
731 912
670 234
454 469
746
170
233
903 455
937 871
638
120
463
905
13
606
184
755
35
966
983
210
245
25
855
255
247
263 595
220
150 151
32 482
769 883
160 91
636 40
169 465
779
753 657
566 995
788 545
350 990
205
923
889
924
650
602
680
584
684 501
752 828
41
98
140
925
728
961 943
61 715
825 256
251
596
421
530
1
933
583 470
322 503
967 846
558 157
939
891 10
810 156
300
827
519
235
611
842
790
821
589 116
729
812
141
433
77
656
124 873
189
306 373
564 366
434 133
5
276
785
901 977
199 365
428 324
772
317
361
277
713
822
742
989
931
354
850
591
863
176
384 782
997
367
888
698 18
412
102 916
816 398
432 126
664 651
911 586
617 695
198 339
918 703
900
764
439
874
460
875
508
539
536
309
325
441
894 699
314
725
971
859
393
42
284
288 710
953 94
369
987
56
593
320
326
283
546
557
509
297 58
289 385
791
360
473
787
658
866 628
137 563
535 897
952 668
678
241
712
622 612
580 774
111
716 183
216
50
479
648
587 253
113
585 146
726 494
87
223 940
472
313
531
559
63
505
278
649
232
507
302
28
97 577
637 882
73
727
613
682
667
548 147
240
371 512
456
815
355 759
928 529
880
250 568
926
440
142
588
200 528
370
404
881 238
778
340
757
129 395
181
950
397
623
845
922
555
109
813 941
403 134
37 51
892 979
550
99 376
856 876
39
578 996
410 714
148
702
348
491
946 974
389
352
110
287
768
145
993 76
225
80 218
105 527
982 884
701 744
991 968
358
607 689
662 796
840 957
447 30
402 735
405 705
885 631
915 700
467
228
193
214 155
321 758
708
886
353 215
792
542 119
21
308
466 618
381
848
719
962
418 841
435
268
516
254
718
177
691
75
616
579 237
795 444
498 984
311
243 838
624 458
634 46
401 158
969
431
549
654
784
437 271
23
960 674
567
22
775
748
400
293
895
921
809
351
357
312
655
425
605
964
468
502
738
442
332
387
17
3
168 390
236 114
15 808
66 956
329
347
907
533
275
561
272
804
162 249
83
659 20
861 285
67 264
929 31
92
489
323
944
824 573
483
958 818
207 619
453
843
811
78
286
388 934
368 518
581 8
452 666
525 336
661 101
163 262
383 424
544 273
807
574
575
462
81
450
608 27
125
951
570
849
724
887
965 54
294
103
224 985
484 801
780
396
136
852
208
341 115
475 783
16
135
851
981 697
932 683
547 427
870
663
688
258
